[header]
width=25
height=20
tilewidth=32
tileheight=30
orientation=orthogonal

[tilesets]
tileset=../../../../../Pac-Man-Tutorial-YouTube/src/com/dregronprogram/images/spriteSheet.png,32,30,0,0

[layer]
type=Floor
data=
0,0,0,0,0,0,0,0,0,0,0,0,0,0,0,0,0,0,0,0,0,0,0,0,0,
0,37,37,37,37,37,37,37,37,37,37,37,0,37,37,37,37,37,37,37,37,37,37,37,0,
0,37,0,0,0,37,0,0,0,0,0,37,0,37,0,0,0,0,0,37,0,0,0,37,0,
0,37,0,0,0,37,0,0,0,0,0,37,0,37,0,0,0,0,0,37,0,0,0,37,0,
0,37,37,37,37,37,37,37,37,37,37,37,37,37,37,37,37,37,37,37,37,37,37,37,0,
0,37,0,0,0,37,0,37,0,0,0,0,0,0,0,0,0,37,0,37,0,0,0,37,0,
0,37,37,37,37,37,0,37,37,37,37,37,0,37,37,37,37,37,0,37,37,37,37,37,0,
0,0,0,0,0,37,0,0,0,0,0,37,0,37,0,0,0,0,0,37,0,0,0,0,0,
0,0,0,0,0,37,0,37,37,37,37,37,37,37,37,37,37,37,0,37,0,0,0,0,0,
39,37,37,37,37,37,37,37,0,0,0,0,37,0,0,0,0,37,37,37,37,37,37,37,38,
0,0,0,0,0,37,0,37,0,37,37,37,37,37,37,37,0,37,0,37,0,0,0,0,0,
0,0,0,0,0,37,0,37,0,0,0,0,0,0,0,0,0,37,0,37,0,0,0,0,0,
0,37,37,37,37,37,37,37,37,37,37,37,0,37,37,37,37,37,37,37,37,37,37,37,0,
0,37,0,0,0,37,0,0,0,0,0,37,0,37,0,0,0,0,0,37,0,0,0,37,0,
0,37,37,37,0,37,37,37,37,37,37,37,37,37,37,37,37,37,37,37,0,37,37,37,0,
0,0,0,37,0,37,0,37,0,0,0,0,0,0,0,0,0,37,0,37,0,37,0,0,0,
0,37,37,37,37,37,0,37,37,37,37,37,0,37,37,37,37,37,0,37,37,37,37,37,0,
0,37,0,0,0,0,0,0,0,0,0,37,0,37,0,0,0,0,0,0,0,0,0,37,0,
0,37,37,37,37,37,37,37,37,37,37,37,37,37,37,37,37,37,37,37,37,37,37,37,0,
0,0,0,0,0,0,0,0,0,0,0,0,0,0,0,0,0,0,0,0,0,0,0,0,0

[layer]
type=Ghosts
data=
0,0,0,0,0,0,0,0,0,0,0,0,0,0,0,0,0,0,0,0,0,0,0,0,0,
0,0,0,0,0,0,0,0,0,0,0,0,0,0,0,0,0,0,0,0,0,0,0,0,0,
0,0,0,0,0,0,0,0,0,0,0,0,0,0,0,0,0,0,0,0,0,0,0,0,0,
0,0,0,0,0,0,0,0,0,0,0,0,0,0,0,0,0,0,0,0,0,0,0,0,0,
0,0,0,0,0,0,0,0,0,0,0,0,0,0,0,0,0,0,0,0,0,0,0,0,0,
0,0,0,0,0,0,0,0,0,0,0,0,0,0,0,0,0,0,0,0,0,0,0,0,0,
0,0,0,0,0,0,0,0,0,0,0,0,0,0,0,0,0,0,0,0,0,0,0,0,0,
0,0,0,0,0,0,0,0,0,0,0,0,0,0,0,0,0,0,0,0,0,0,0,0,0,
0,0,0,0,0,0,0,0,0,0,0,0,0,0,0,0,0,0,0,0,0,0,0,0,0,
0,0,0,0,0,0,0,0,0,0,0,0,0,0,0,0,0,0,0,0,0,0,0,0,0,
0,0,0,0,0,0,0,0,0,31,0,0,31,0,0,31,0,0,0,0,0,0,0,0,0,
0,0,0,0,0,0,0,0,0,0,0,0,0,0,0,0,0,0,0,0,0,0,0,0,0,
0,0,0,0,0,0,0,0,0,0,0,0,0,0,0,0,0,0,0,0,0,0,0,0,0,
0,0,0,0,0,0,0,0,0,0,0,0,0,0,0,0,0,0,0,0,0,0,0,0,0,
0,0,0,0,0,0,0,0,0,0,0,0,0,0,0,0,0,0,0,0,0,0,0,0,0,
0,0,0,0,0,0,0,0,0,0,0,0,0,0,0,0,0,0,0,0,0,0,0,0,0,
0,0,0,0,0,0,0,0,0,0,0,0,0,0,0,0,0,0,0,0,0,0,0,0,0,
0,0,0,0,0,0,0,0,0,0,0,0,0,0,0,0,0,0,0,0,0,0,0,0,0,
0,0,0,0,0,0,0,0,0,0,0,0,0,0,0,0,0,0,0,0,0,0,0,0,0,
0,0,0,0,0,0,0,0,0,0,0,0,0,0,0,0,0,0,0,0,0,0,0,0,0

[layer]
type=Map
data=
17,14,14,14,14,14,14,14,14,14,14,14,17,14,14,14,14,14,14,14,14,14,14,14,17,
1,5,5,5,5,5,5,5,5,5,5,5,1,5,5,5,5,5,5,5,5,5,5,5,1,
1,6,3,13,4,5,3,13,13,13,4,5,1,5,3,13,13,13,4,5,3,13,4,6,1,
1,5,15,14,16,5,15,14,14,14,16,5,27,5,15,14,14,14,16,5,15,14,16,5,1,
1,5,5,5,5,5,5,5,5,5,5,5,5,5,5,5,5,5,5,5,5,5,5,5,1,
1,5,29,2,30,5,28,5,29,2,2,2,13,2,2,2,30,5,28,5,29,2,30,5,1,
1,5,5,5,5,5,1,5,5,5,5,5,1,5,5,5,5,5,1,5,5,5,5,5,1,
17,13,13,13,4,5,26,2,2,2,30,5,27,5,29,2,2,2,25,5,3,13,13,13,17,
14,14,14,14,16,5,27,5,5,5,5,5,5,5,5,5,5,5,27,5,15,14,14,14,14,
0,0,0,0,0,5,5,5,3,13,13,13,18,13,13,13,4,5,5,5,0,0,0,0,0,
13,13,13,13,4,5,28,5,15,14,14,14,14,14,14,14,16,5,28,5,3,13,13,13,13,
17,14,14,14,16,5,27,5,29,2,2,2,13,2,2,2,30,5,27,5,15,14,14,14,17,
1,5,5,5,5,5,5,5,5,5,5,5,1,5,5,5,5,5,5,5,5,5,5,5,1,
1,5,29,2,4,5,29,2,2,2,30,5,27,5,29,2,2,2,30,5,3,2,30,5,1,
1,6,5,5,1,5,5,5,5,5,5,5,7,5,5,5,5,5,5,5,1,5,5,6,1,
26,2,30,5,27,5,28,5,29,2,2,2,13,2,2,2,30,5,28,5,27,5,29,2,25,
1,5,5,5,5,5,1,5,5,5,5,5,1,5,5,5,5,5,1,5,5,5,5,5,1,
1,5,29,2,2,2,14,2,2,2,30,5,27,5,29,2,2,2,14,2,2,2,30,5,1,
1,5,5,5,5,5,5,5,5,5,5,5,5,5,5,5,5,5,5,5,5,5,5,5,1,
17,13,13,13,13,13,13,13,13,13,13,13,13,13,13,13,13,13,13,13,13,13,13,13,17

